10001100001001110110000010110011110001111100000100000100010001010100010101110001110100000000010001101111100000100110011101000101000000111010010011100011100010110010001101010001100111
10001100001001110110000010110011110001111100000100000100010001010100010101110001110100000000010001101111100000100110011101000101000000111010010011100010100010110010001101010001100111
10001100001001110110000010110011110001111100000100000100010001000100010101110001110100000000010001101111100000100110011101000101000000111010010011100010100010110010001101010001100111
10001100001001110110000010110011110001111100000100000100010001000100010101110001110000000000010001101111100000100110011101000101000000111010010011100010100010110010001101010001100111
10001100001001110110000010110011110001111100000100000100010001000100010101110001110000000000010001101111100000100110011100000101000000111010010011100010100010110010001101010001100111
10001100001001110110000010110011110001111100000100000100010001000100010101110001110000000000010001101101100000100110011100000101000000111010010011100010100010110010001101010001100111
10000100001001110110000010110011110001111100000100000100010001000000010001110001110000000000000001101101100000100110001000000101000000001000000011100000000000010000001101010001100111
10000100001001110110000000110011110001111100000100000100010001000000010001110001110000000000000001101101100000100110001000000101000000001000000011100000000000010000001101010001100111
10000100001001110110000000110011110001111100000100000100010001000000010001110001110000000000000001101100100000100110001000000101000000001000000011100000000000010000001101010001100111
10000100000001110110000000010011110000111100000100000100000001000000010001100001010000000000000001100100000000100110000000000101000000001000000010100000000000000000001101010001100101
10000100000001110110000000010011110000111100000100000100000001000000010001100001010000000000000001100100000000100110000000000101000000001000000010100000000000000000000100010001100101
10000100000001110100000000010011110000111100000100000100000001000000010001000001010000000000000001000100000000100110000000000101000000001000000010100000000000000000000000010001000101
10000100000001110100000000010011110000111100000100000100000001000000010001000001010000000000000000000100000000000110000000000101000000001000000010100000000000000000000000010001000101
10000100000000110100000000010010110000111100000100000100000000000000010001000001010000000000000000000100000000000110000000000101000000001000000010000000000000000000000000010001000001
10000100000000110100000000010010110000110100000000000100000000000000010001000001010000000000000000000000000000000110000000000101000000001000000010000000000000000000000000010001000001
10000100000000110100000000010010110000110100000000000100000000000000010001000001010000000000000000000000000000000110000000000101000000001000000000000000000000000000000000010001000001
10000000000000110100000000010000110000110100000000000100000000000000010001000001010000000000000000000000000000000110000000000100000000001000000000000000000000000000000000010001000000
10000000000000110000000000010000110000110100000000000100000000000000000001000001010000000000000000000000000000000110000000000100000000001000000000000000000000000000000000010001000000
10000000000000110000000000000000110000100100000000000100000000000000000000000001010000000000000000000000000000000110000000000100000000001000000000000000000000000000000000010000000000
10000000000000110000000000000000100000100100000000000100000000000000000000000001010000000000000000000000000000000110000000000100000000001000000000000000000000000000000000010000000000
10000000000000110000000000000000000000100100000000000100000000000000000000000001010000000000000000000000000000000110000000000100000000001000000000000000000000000000000000010000000000
10000000000000110000000000000000000000000000000000000100000000000000000000000001010000000000000000000000000000000100000000000100000000001000000000000000000000000000000000010000000000
10000000000000010000000000000000000000000000000000000000000000000000000000000001010000000000000000000000000000000100000000000100000000001000000000000000000000000000000000010000000000
10000000000000000000000000000000000000000000000000000000000000000000000000000001010000000000000000000000000000000100000000000100000000001000000000000000000000000000000000010000000000
10000000000000000000000000000000000000000000000000000000000000000000000000000001010000000000000000000000000000000000000000000100000000001000000000000000000000000000000000010000000000
10000000000000000000000000000000000000000000000000000000000000000000000000000000010000000000000000000000000000000000000000000100000000001000000000000000000000000000000000010000000000
10000000000000000000000000000000000000000000000000000000000000000000000000000000000000000000000000000000000000000000000000000000000000000000000000000000000000000000000000010000000000
00000000000000000000000000000000000000000000000000000000000000000000000000000000010000000000000000000000000000000000000000000100000000001000000000000000000000000000000000000000000000
00000000000000000000000000000000000000000000000000000000000000000000000000000000010000000000000000000000000000000000000000000100000000000000000000000000000000000000000000000000000000
00000000000000100000000000000000000000000000000000000100000000000000000000000000000000000000000000000000000000000000000000000000000000000000000000000000000000000000000000000000000000
00000000000000000000000000000000000000100100000000000000000000000000000000000000000000000000000000000000000000000010000000000000000000000000000000000000000000000000000000000000000000
00000000000000000000000000000000000000000100000000000000000000000000000000000000000000000000000000000000000000000010000000000000000000000000000000000000000000000000000000000000000000
00000000000000000000000000010000000000010000000000000000000000000000000001000000000000000000000000000000000000000000000000000000000000000000000000000000000000000000000000000001000000
00000000000000000000000000010000000000000000000000000000000000000000000001000000000000000000000000000000000000000000000000000000000000000000000000000000000000000000000000000001000000
00000000000000000000000000010000000000000000000000000000000000000000000001000000000000000000000000000000000000000000000000000000000000000000000000000000000000000000000000000000000000
00000000000000000100000000000000000000000000000000000000000000000000010000000000000000000000000000000000000000000000000000000000000000000000000000000000000000000000000000000000000000
00000100000000000000000000000010000000000000000000000000000000000000000000000000000000000000000000000000000000000000000000000001000000000000000000000000000000000000000000000000000001
00000100000000000000000000000010000000000000000000000000000000000000000000000000000000000000000000000000000000000000000000000001000000000000000000000000000000000000000000000000000000
00000000000000000000000000000010000000000000000000000000000000000000000000000000000000000000000000000000000000000000000000000001000000000000000000000000000000000000000000000000000000
00000000000000000000000000000000000000001000000100000000000000000000000000000000000000000000000000000100000000000000000000000000000000000000000000000000000000000000000000000000000000
00000000000000000000000000000000000000001000000100000000000000000000000000000000000000000000000000000000000000000000000000000000000000000000000000000000000000000000000000000000000000
00000000000001000000000000000001000000000000000000000000000001000000000000000000000000000000000000000000000000000000000000000000000000000000000000100000000000000000000000000000000100
00000000000001000000000000000001000000000000000000000000000001000000000000000000000000000000000000000000000000000000000000000000000000000000000000000000000000000000000000000000000100
00000000000001000000000000000001000000000000000000000000000000000000000000000000000000000000000000000000000000000000000000000000000000000000000000000000000000000000000000000000000100
00000000000000000000000000000001000000000000000000000000000000000000000000000000000000000000000000000000000000000000000000000000000000000000000000000000000000000000000000000000000100
00000000000000000000000000000000000000000000000000000000000000000000000000000000000000000000000001000000000000100000000000000000000000000000000000000000000000000000000000000000000000
00000000000000000010000000000000000000000000000000000000000000000000000000100000000000000000000000100000000000000000000000000000000000000000000000000000000000000000000100000000100000
00000000000000000010000000000000000000000000000000000000000000000000000000100000000000000000000000100000000000000000000000000000000000000000000000000000000000000000000000000000000000
00000000000000000010000000000000000000000000000000000000000000000000000000000000000000000000000000100000000000000000000000000000000000000000000000000000000000000000000000000000000000
00000000000000000000000000000000000000000000000000000000000000000000000000000000000000000000000000000000000000000000000000000000000000000000000000000000000000000000000100000000100000
00000000000000000000000000000000000000000000000000000000000000000000000000000000000000000000000000000000000000000000000000000000000000000000000000000000000000000000001001000000000000
00000000001000000000000000100000000001000000000000000000010000000000000000010000100000000000000000001000100000000000001000000000000000000000000001000000000000010000000000000000000010
00000000001000000000000000100000000001000000000000000000010000000000000000010000100000000000000000001000000000000000000000000000000000000000000001000000000000010000000000000000000010
00000000001000000000000000000000000001000000000000000000010000000000000000010000100000000000000000001000000000000000000000000000000000000000000001000000000000010000000000000000000010
00000000001000000000000000000000000001000000000000000000010000000000000000000000100000000000000000001000000000000000000000000000000000000000000001000000000000010000000000000000000010
00000000001000000000000000000000000001000000000000000000010000000000000000000000100000000000000000000000000000000000000000000000000000000000000001000000000000010000000000000000000010
00000000000000000000000000000000000001000000000000000000010000000000000000000000100000000000000000000000000000000000000000000000000000000000000001000000000000010000000000000000000010
00000000000000000000000000000000000001000000000000000000010000000000000000000000100000000000000000000000000000000000000000000000000000000000000000000000000000010000000000000000000010
00000000000000000000000000000000000001000000000000000000000000000000000000000000100000000000000000000000000000000000000000000000000000000000000000000000000000010000000000000000000000
00000000000000000000000000000000000000000000000000000000000000000000000000000000100000000000000000000000000000000000000000000000000000000000000000000000000000010000000000000000000000
00000000000000000000000000000000000000000000000000000000010000000000000000000000000000000000000000000000000000000000000000000000000000000000000000000000000000000000000000000000000010
00000000000000000000000000000000000000000000000000000000000000000000000000000000000000000000000000000000100000000000001000000000000000000000000000000000000000000000000000000000000000
00001000000000000000000000000000000000000000000000000000000000000100000100000000000000000000010000000000000000000000010100000000000000110010010000000010100010100010000000000000000000
00001000000000000000000000000000000000000000000000000000000000000100000000000000000000000000010000000000000000000000010100000000000000110010010000000010100010100010000000000000000000
00001000000000000000000000000000000000000000000000000000000000000100000000000000000000000000010000000000000000000000010100000000000000010010000000000010100000100010000000000000000000
00001000000000000000000000000000000000000000000000000000000000000100000000000000000000000000010000000000000000000000010100000000000000000010000000000010100000100010000000000000000000
00001000000000000000000000000000000000000000000000000000000000000100000000000000000000000000010000000000000000000000010100000000000000000000000000000010100000100010000000000000000000
00001000000000000000000000000000000000000000000000000000000000000100000000000000000000000000010000000000000000000000010100000000000000000000000000000010000000100010000000000000000000
00001000000000000000000000000000000000000000000000000000000000000000000000000000000000000000010000000000000000000000010100000000000000000000000000000000000000100010000000000000000000
00001000000000000000000000000000000000000000000000000000000000000000000000000000000000000000000000000000000000000000010000000000000000000000000000000000000000100010000000000000000000
00000000000000000000000000000000000000000000000000000000000000000000000000000000000000000000000000000000000000000000010000000000000000000000000000000000000000100010000000000000000000
00000000000000000000000000000000000000000000000000000000000000000000000000000000000000000000000000000000000000000000010000000000000000000000000000000000000000000010000000000000000000
00000000000000000000000000000000000000000000000000000000000000000000000000000000000000000000010000000000000000000000000100000000000000000000000000000000000000000000000000000000000000
00000000000000000000000000000000000000000000000000000000000000000100000000000000000000000000000000000000000000000000000000000000000000000000000000000010000000000000000000000000000000
00000000000000000000000000000000000000000000000000000000000000000000000000000000000000000000000000000000000000000000000000000000000000100000010000000000000010000000000000000000000000
00000000000000000000000000000000000000000000000000000000000000000000000000000000000000000000000000000000000000000000000000000000000000100000010000000000000000000000000000000000000000
01000000000100000000000001000000000000000010000000000000000000000000000000000110000000000100000000000000000000001001000000010000001000000000000000000000001101000000010000100010000000
01000000000000000000000000000000000000000010000000000000000000000000000000000110000000000100000000000000000000001001000000010000001000000000000000000000000101000000010000100010000000
01000000000000000000000000000000000000000010000000000000000000000000000000000110000000000000000000000000000000001000000000010000001000000000000000000000000100000000010000100010000000
01000000000000000000000000000000000000000010000000000000000000000000000000000110000000000000000000000000000000000000000000010000001000000000000000000000000000000000010000100010000000
01000000000000000000000000000000000000000000000000000000000000000000000000000000000000000000000000000000000000000000000000000000000000000000000000000000000000000000000000100010000000
00000000000000000000000000000000000000000000000000000000000000000000000000000000000000000000000000000000000000000000000000000000000000000000000000000000000000000000000000100010000000
00000000000000000000000000000000000000000010000000000000000000000000000000000110000000000000000000000000000000000000000000010000001000000000000000000000000000000000010000000000000000
00000000000000000000000000000000000000000010000000000000000000000000000000000110000000000000000000000000000000000000000000010000000000000000000000000000000000000000010000000000000000
00000000000000000000000000000000000000000010000000000000000000000000000000000010000000000000000000000000000000000000000000000000000000000000000000000000000000000000010000000000000000
00000000000000000000000000000000000000000010000000000000000000000000000000000000000000000000000000000000000000000000000000000000000000000000000000000000000000000000010000000000000000
00000000000000000000000000000000000000000000000000000000000000000000000000000100000000000000000000000000000000000000000000010000000000000000000000000000000000000000000000000000000000
00000000000000000000000000000000000000000000000000000000000000000000000000000000000000000000000000000000000000001000000000000000000000000000000000000000000100000000000000000000000000
00000000000000000000000000000000000000000000000000000000000000000000000000000000000000000100000000000000000000000001000000000000000000000000000000000000000001000000000000000000000000
00000000000000000000000000000000000000000000000000000000000000000000000000000000000000000100000000000000000000000001000000000000000000000000000000000000000000000000000000000000000000
00000000000100000000000001000000000000000000000000000000000000000000000000000000000000000000000000000000000000000000000000000000000000000000000000000000001000000000000000000000000000
00000000000000000000000001000000000000000000000000000000000000000000000000000000000000000000000000000000000000000000000000000000000000000000000000000000001000000000000000000000000000
00110011110010001001111100001100001110000001111011111011101110101011101010001000001011111011101110010000011111010000100010101010110111000101101100011100010000001101100010001100011000
00110011110010001001111100001100000110000001111011111011101110101011101010001000001011111011101110010000011111010000100010101010110111000101101100011100010000001101100010001100011000
00110011110010001001001100001100000110000001111011111011101100101011101000001000001011111011101110010000011111010000100010101010110101000101101100011100010000001101100010001100011000
00110011110010001001001100001100000110000001111011111011101100101011101000001000001011111011101110010000011111010000100010101010110101000101101100011100010000001101100010000100011000
00110011110010001001001100001100000110000001111011111011101100101011101000001000001011111011101110010000011111010000100010101010110101000101101100011100000000001101100010000100001000
00100011110010001001001100001100000110000001111011111011101100101011101000001000001011111011101110010000011111010000100010101010110101000101101100011100000000001101100010000100001000
00100011110010001001001100001100000110000001111011111011101100101011101000001000000011111011101010010000011111010000100010101010110101000101101100011100000000001101100010000100001000
00100011110010001001001100001100000110000001111011111011101100101011101000001000000011111011101010010000011111010000100010101010110101000100101100011100000000001101100010000100001000
00100011110010001001001100001100000100000001111001111011101100100010000000001000000001111011101010000000011111010000100010100010110101000000101100011100000000001101100010000000001000
00100001110010001001001100001100000100000001111001111011101100100010000000001000000001111011101010000000011111010000100010100010110101000000101100011100000000001101100010000000001000
00100001110010001001001100001100000100000001111001111011101100100010000000001000000001111011101010000000011111010000100010100010110101000000001100011100000000001101100010000000001000
00100001110010001001001100001100000100000001111001111011101100100010000000001000000001111011101010000000011111010000100010100010110101000000001100011100000000001101100000000000001000
00100001110010001001001100001100000100000001111001111001101100100010000000001000000001111011101010000000011111010000100010100010110101000000001100011100000000001101100000000000001000
00100001110010001001001100001100000100000001111000111001101100100010000000001000000001111011101010000000011111010000100010100010110101000000001100011100000000001101100000000000001000
00100001110010001001001100001100000100000001111000111001101100100010000000001000000001111011101010000000011111010000100010100010110101000000001100011100000000001101000000000000001000
00100001010000001000001100001100000100000001111000111001101100100010000000001000000001110011101010000000011111010000100010100010110101000000001100011100000000001101000000000000000000
00100001010000001000001100001100000100000001111000011001101100100010000000001000000001110011101010000000011111010000100010100010110101000000001100011100000000001101000000000000000000
00100001010000001000001100001100000100000001111000011001101100100010000000001000000001110011101010000000010111010000100010100000110101000000001100011100000000001101000000000000000000
00100001010000001000001100001100000100000001111000011001001100100010000000001000000001110011101010000000010011010000100010100000110100000000001100011100000000001101000000000000000000
00100001010000001000001100001100000100000001111000011001001100100010000000000000000001110011101010000000010011010000100010100000110100000000001100011100000000001101000000000000000000
00100001010000001000001100001100000100000001101000011001001100100010000000000000000001110011101010000000010011010000100010100000110100000000001100011100000000001101000000000000000000
00100001010000001000001100001100000100000001101000011001001100100010000000000000000001100011101010000000010011010000100010100000110100000000001100011100000000001101000000000000000000
00100001010000001000001100001100000100000001101000011001001100100010000000000000000001000011101010000000010011010000100010100000110100000000001100011100000000001101000000000000000000
00100001010000001000001100001100000100000001101000011001001100100010000000000000000001000011101010000000010011010000100010100000110100000000001000011100000000001101000000000000000000
00100001010000001000001100001100000100000001100000011001001100100010000000000000000001000011101010000000010011010000100010100000110100000000001000011100000000001101000000000000000000
00100001000000001000001100001100000100000001100000011001001100100010000000000000000001000011101010000000010011010000100010100000110100000000001000011100000000001101000000000000000000
00100001000000001000001100001100000100000001100000011001001100100010000000000000000001000001101010000000010011010000100010100000110000000000001000011100000000001101000000000000000000
00100001000000001000001100001100000100000001100000011001001100100010000000000000000001000001101010000000000011010000100010100000110000000000001000011100000000001101000000000000000000
00100001000000001000001100001100000100000001100000011001001100100010000000000000000001000001101010000000000001010000100010100000110000000000001000011100000000001101000000000000000000
00100000000000001000001100001100000100000001100000011000001100100010000000000000000001000001101010000000000001010000100010100000110000000000001000011100000000001101000000000000000000
00100000000000001000001100001100000100000001100000011000001100000010000000000000000001000001101010000000000001010000100010100000110000000000001000011100000000001101000000000000000000
00100000000000001000001100001100000100000001100000011000001000000010000000000000000001000001101010000000000001010000100010100000110000000000001000011100000000001101000000000000000000
00100000000000001000001100001100000100000001100000011000001000000010000000000000000001000001101000000000000001010000000010000000110000000000001000010100000000000101000000000000000000
00100000000000001000001100001100000100000001100000011000001000000010000000000000000001000001101000000000000001000000000010000000110000000000001000010100000000000101000000000000000000
00100000000000001000001100001100000100000001100000011000001000000010000000000000000001000001101000000000000001000000000010000000100000000000001000010100000000000101000000000000000000
00100000000000001000001000001100000100000000100000011000001000000010000000000000000001000001100000000000000001000000000000000000100000000000001000010100000000000001000000000000000000
00100000000000001000001000001100000000000000100000011000001000000010000000000000000001000001100000000000000001000000000000000000100000000000001000010100000000000001000000000000000000
00100000000000001000001000001100000000000000100000011000001000000010000000000000000001000000100000000000000001000000000000000000100000000000001000010100000000000001000000000000000000
00100000000000001000001000001100000000000000100000011000001000000000000000000000000001000000100000000000000001000000000000000000100000000000001000010100000000000001000000000000000000
00100000000000001000001000001100000000000000100000011000000000000000000000000000000001000000100000000000000001000000000000000000100000000000001000010100000000000001000000000000000000
00100000000000001000001000001100000000000000000000011000000000000000000000000000000001000000100000000000000001000000000000000000100000000000001000010100000000000001000000000000000000
00100000000000001000000000000000000000000000000000000000000000000000000000000000000001000000100000000000000000000000000000000000000000000000000000000000000000000000000000000000000000
00100000000000000000000000000000000000000000000000000000000000000000000000000000000001000000100000000000000000000000000000000000000000000000000000000000000000000000000000000000000000
00000000000000000000000000000000000000000000000000000000000000000000000000000000000001000000100000000000000000000000000000000000000000000000000000000000000000000000000000000000000000
00000000000000000000001000001100000000000000000000011000000000000000000000000000000000000000000000000000000001000000000000000000100000000000001000010100000000000001000000000000000000
00000000000000000000001000000100000000000000000000011000000000000000000000000000000000000000000000000000000001000000000000000000100000000000001000010100000000000001000000000000000000
00000000000000000000001000000000000000000000000000010000000000000000000000000000000000000000000000000000000001000000000000000000000000000000000000000000000000000000000000000000000000
00000000000000000000000000000000000000000000000000010000000000000000000000000000000000000000000000000000000001000000000000000000000000000000000000000000000000000000000000000000000000
00000000000000000000000000000100000000000000000000001000000000000000000000000000000000000000000000000000000000000000000000000000100000000000001000010100000000000001000000000000000000
00000000000000000000000000000100000000000000000000001000000000000000000000000000000000000000000000000000000000000000000000000000100000000000000000010100000000000001000000000000000000
00000000000000000000000000000100000000000000000000001000000000000000000000000000000000000000000000000000000000000000000000000000100000000000000000000000000000000000000000000000000000
00000000000000000000000000000100000000000000000000000000000000000000000000000000000000000000000000000000000000000000000000000000100000000000000000000000000000000000000000000000000000
00000000000000000000000000000000000000000000000000000000000000000000000000000000000000000000000000000000000000000000000000000000000000000000000000010100000000000001000000000000000000
00000000000000000000000000000000000000000000000000000000000000000000000000000000000000000000000000000000000000000000000000000000000000000000000000000100000000000001000000000000000000
00000000000000000000000100000000000000000001000000000000000000000000000000000000000000000000001000000000000000000000000010000000000000000000000000000000000000000100000000000000000000
00000000000000000000000100000000000000000001000000000000000000000000000000000000000000000000001000000000000000000000000000000000000000000000000000000000000000000100000000000000000000
00000000000000000000000100000000000000000000000000000000000000000000000000000000000000000000001000000000000000000000000000000000000000000000000000000000000000000100000000000000000000
00000000000000000000000100000000000000000000000000000000000000000000000000000000000000000000000000000000000000000000000000000000000000000000000000000000000000000100000000000000000000
00000000000000000000000000000000000000000000000000000000000000000000000000000000000000000000000010000000000000000000100000100000000000000000000000001000000000001000000000000000000000
00000000000000000000000000000000000000000000000000000000000000000000000000000000000000000000000010000000000000000000100000000000000000000000000000001000000000001000000000000000000000
00000000000000000000000000000000000000000000000000000000000000000000000000000000000000000000000010000000000000000000100000000000000000000000000000000000000000000000000000000000000000
00000000000000000000000000000000000000000000000000000000000000000000000000000000000000000000000000000000000000000000000000000000000000000000000000001000000000001000000000000000000000
00000001000000000000000000000000000000000000000000000001000000000000000000000000000000000000000000000000000000000000000000000000000000000000000000000000000000000000000000000000000000
00000000000000000000000000000000000000000000000000000000000000000000000000000000000000000010000000000000000000000000000000000000000100000000000000000000000000000000000000000000000000
00000000000000000000000000000000000000000000000000000000100000000000000000000000000000000000000000000000000100000000000000000000000001000000000000000000000000000000000000000000000000
00000000000000000000000000000000000000000000000000000000100000000000000000000000000000000000000000000000000100000000000000000000000000000000000000000000000000000000000000000000000000
00000000000000000000000000000000000000000000000000000000000000000000000000000000000000000000000000000000001000000000000000000010000000000000000000000000000000000000000000000000000000
00000000100010000001000000000000000000000000000000000000000000000000000000000000000000001000000000000000000000000000000000000000000000000000000000000000000000000000000000000000001000
00000000100010000000000000000000000000000000000000000000000000000000000000000000000000001000000000000000000000000000000000000000000000000000000000000000000000000000000000000000001000
00000000000010000000000000000000000000000000000000000000000000000000000000000000000000001000000000000000000000000000000000000000000000000000000000000000000000000000000000000000001000
00000000000010000000000000000000000000000000000000000000000000000000000000000000000000000000000000000000000000000000000000000000000000000000000000000000000000000000000000000000001000
00000000000000000000000000000000000010000000000010000000000000001001101000000000000010000000000000010000000000000000000000001000000000000100000000000000000000000000000000000100000000
00000000000000000000000000000000000010000000000000000000000000000000001000000000000000000000000000000000000000000000000000000000000000000000000000000000000000000000000000000000000000
00000000000000000000000000000000000000000000000010000000000000001001100000000000000010000000000000010000000000000000000000001000000000000100000000000000000000000000000000000100000000
00000000000000000000000000000000000000000000000010000000000000001001100000000000000010000000000000010000000000000000000000001000000000000000000000000000000000000000000000000100000000
00000000000000000000000000000000000000000000000010000000000000001000000000000000000010000000000000000000000000000000000000000000000000000000000000000000000000000000000000000100000000
00000000000000000000000000000000000000000000000010000000000000001000000000000000000000000000000000000000000000000000000000000000000000000000000000000000000000000000000000000100000000
00000000000000000000000000000000000000000000000000000000000000001000000000000000000000000000000000000000000000000000000000000000000000000000000000000000000000000000000000000100000000
00000000000000000000000000000000000000000000000000000000000000000001100000000000000000000000000000010000000000000000000000001000000000000000000000000000000000000000000000000000000000
00000000000000000000000000000000000000000000000000000000000000000001100000000000000000000000000000010000000000000000000000000000000000000000000000000000000000000000000000000000000000
00000000000000000000000000000000000000000000000000000000000000000001100000000000000000000000000000000000000000000000000000000000000000000000000000000000000000000000000000000000000000
00000000000000000000000000000000000000000000000000000000000000000000000000000000001000000000000100000000000000000000000000000000000000000000000000000000000000000000000000000000000000
00000000000000000000000000000000000000000000000000000000000000000000000000000000000000000000000000000000000000000000000000000000000000000000000000000000010000000000000000000000010000
00000000000000000000110000000000000000000000000000000000000010000000000010000000000000000000000000000000000000000000000000000000000010000000000000000000000000000000000000000000000000
00000000000000000000110000000000000000000000000000000000000010000000000010000000000000000000000000000000000000000000000000000000000000000000000000000000000000000000000000000000000000
00000000000000000000110000000000000000000000000000000000000000000000000010000000000000000000000000000000000000000000000000000000000000000000000000000000000000000000000000000000000000
00000000000000000000100000000000000000000000000000000000000000000000000010000000000000000000000000000000000000000000000000000000000000000000000000000000000000000000000000000000000000
