1314.19200207
1451.25091207
1564.33497207
1727.39830207
1830.40749207
1961.44798207
2090.49057207
2218.58553207
2355.64444207
2468.72850207
2539.76561207
2725.84492207
2872.91333207
2959.94536207
3062.95455207
3177.98149207
3291.06555207
3422.10604207
3551.14863207
3707.24974207
3810.25893207
3897.29096207
3994.34372207
4123.38631207
4194.42342207
4307.50748207
4394.53951207
4531.59842207
4634.60761207
4763.65020207
4866.65939207
4937.69650207
5084.76491207
5155.80202207
5302.87043207
5403.91811207
5474.95522207
5631.05633207
5762.09682207
5909.16523207
5966.18669207
6081.21363207
6228.28204207
6343.30898207
6400.33044207
6501.37812207
6648.44653207
6735.47856207
6838.48775207
6985.55616207
7042.57762207
7205.64095207
7336.68144207
7467.72193207
7554.75396207
7669.78090207
7772.79009207
7885.87415207
7972.90618207
8101.00114207
8198.05390207
8299.10158207
8398.16999207
8511.25405207
8642.29454207
8805.35787207
8936.39836207
9073.45727207
9186.54133207
9317.58182207
9432.60876207
9569.66767207
9668.73608207
9796.83104207
9910.87397207
10007.9267321
10064.9481921
10202.0071021
10305.0162921
10491.0956021
10677.1749121
10808.2154021
10907.2838121
11044.3427221
11145.3904021
11259.4333321
11372.5173921
11487.5443321
11544.5657921
11657.6498521
11770.7339121
11857.7659421
11972.7928821
12043.8299921
12206.8933221
12319.9773821
