1 4
7 4
34 4
35 4
37 6
38 4
45 4
54 4
66 4
66 6
66 8
67 4
67 6
68 4
68 6
69 4
70 4
85 6
86 4
92 4
101 4
121 10
122 8
123 6
124 4
128 4
129 4
145 4
155 4
159 4
238 4
246 4
276 4
278 4
334 6
335 4
341 10
342 8
343 6
344 4
360 4
361 4
388 4
415 4
455 4
457 12
458 10
459 8
460 6
461 4
469 8
470 6
471 4
485 4
501 4
537 6
538 4
567 4
592 4
593 4
600 4
609 4
630 4
642 4
655 4
670 4
706 6
707 4
722 4
736 4
747 6
748 4
754 6
755 4
758 4
762 4
768 6
769 4
779 4
786 6
787 4
805 4
815 4
827 4
847 4
852 4
869 4
870 4
879 4
887 4
889 6
890 4
914 4
921 4
