803
424 40
293 234
401 600
13 61
374 573
6 150
505 499
789 56
662 521
564 38
312 149
486 58
574 67
319 101
76 521
568 669
69 88
73 484
772 298
716 268
535 445
177 200
55 168
313 357
187 341
570 262
365 490
137 211
606 43
181 367
637 20
125 460
222 160
184 144
262 40
168 327
52 661
113 216
2 116
165 432
138 537
631 31
562 256
190 3
421 69
2 3
233 673
25 22
534 589
458 252
295 184
784 143
455 86
700 33
80 4
282 267
250 218
128 147
470 158
402 479
62 266
168 592
151 304
90 581
512 472
382 416
251 148
245 112
317 260
663 86
9 704
36 796
244 121
107 404
625 273
171 597
250 478
103 72
634 359
23 99
395 117
285 517
22 23
428 165
19 264
797 649
195 76
476 71
439 98
189 206
100 36
591 318
475 309
5 13
458 757
518 58
13 17
416 495
128 2
147 383
1 253
723 104
414 469
174 108
20 238
229 89
95 10
612 505
372 224
443 199
547 293
257 142
540 147
682 50
34 502
439 793
709 553
649 47
382 609
255 522
142 117
326 214
288 292
191 768
77 552
13 19
617 505
234 90
121 727
234 459
446 221
198 93
644 257
177 719
25 401
135 208
470 681
63 75
534 77
22 58
132 441
259 255
147 210
2 5
86 712
703 733
76 17
602 363
18 3
526 373
63 73
11 67
537 711
20 442
499 559
284 116
21 19
1 53
69 399
235 702
615 77
155 228
29 196
621 755
204 203
83 152
138 258
22 193
645 345
551 210
767 169
22 15
385 331
798 477
14 183
49 32
532 769
245 754
6 24
328 53
671 639
529 287
154 227
292 387
726 139
145 318
667 227
359 195
485 415
548 150
200 202
310 293
367 378
445 331
108 145
382 114
225 610
456 360
698 182
489 62
52 376
542 224
523 211
213 138
245 433
364 241
69 291
348 219
274 713
329 145
56 354
54 79
241 463
220 240
510 127
761 712
654 516
170 274
613 572
63 347
132 116
533 430
19 54
189 160
436 722
240 652
11 8
100 324
415 527
560 234
792 753
221 107
187 197
81 82
401 449
315 294
281 530
226 340
21 87
24 41
123 438
123 373
190 249
561 82
45 15
203 156
468 426
636 799
325 41
10 42
594 489
205 203
577 462
141 361
655 687
81 261
508 326
374 149
370 246
305 368
647 786
105 403
362 501
9 215
442 732
93 64
161 114
775 760
51 8
590 411
28 22
749 713
423 398
143 431
285 569
472 298
67 83
23 122
434 287
33 84
47 435
586 377
41 572
170 750
43 23
59 231
686 147
464 427
111 96
23 124
353 343
4 3
241 422
166 665
357 614
379 267
393 170
79 163
71 38
160 48
14 192
56 36
501 803
674 222
123 450
138 148
46 44
29 556
498 78
210 579
256 418
22 33
122 239
513 27
48 52
580 35
191 30
500 146
380 109
746 700
326 509
651 422
85 136
26 59
19 20
703 100
210 337
497 458
57 23
11 146
240 635
491 638
212 57
91 185
421 471
235 166
788 593
499 575
135 763
528 440
790 318
567 342
753 732
650 84
255 477
323 50
12 515
302 506
50 96
302 624
583 27
585 276
440 319
325 335
758 166
17 63
729 687
745 637
553 672
72 290
312 396
584 335
172 153
16 308
116 127
134 114
272 622
366 190
138 121
186 271
201 751
133 56
28 115
360 344
502 525
160 248
604 493
605 554
56 119
81 59
613 724
787 685
43 273
85 43
197 314
323 779
611 482
283 576
178 275
449 705
394 71
69 802
347 375
736 605
331 23
397 3
407 630
180 34
436 188
281 717
42 48
161 260
655 566
6 16
20 159
89 626
33 426
75 113
284 303
782 532
362 128
30 5
27 34
320 203
263 25
16 218
723 725
545 172
684 38
298 491
65 54
437 3
507 317
392 642
384 2
543 598
480 393
735 460
628 175
430 410
210 648
285 467
91 520
765 434
225 193
77 89
306 223
350 268
17 252
23 37
389 201
654 731
91 155
197 207
94 139
595 502
549 12
678 317
158 162
275 406
550 384
140 286
444 146
55 795
6 26
60 50
63 68
188 145
156 70
92 83
108 38
380 565
126 639
47 28
240 289
89 224
333 417
356 305
64 51
164 44
160 307
566 191
629 432
117 166
747 487
104 130
504 301
67 123
47 219
570 759
4 7
360 647
541 485
332 636
653 550
555 466
365 62
24 72
241 83
272 296
618 213
9 300
315 339
55 658
78 169
98 43
194 126
97 177
354 706
140 451
7 90
49 546
21 708
386 93
18 32
242 265
718 100
239 276
63 104
79 762
580 800
461 54
496 265
151 24
343 176
280 85
471 582
565 666
571 545
150 214
173 52
234 694
109 9
352 563
247 101
405 362
18 27
269 294
62 55
454 312
77 135
744 613
14 39
114 45
322 318
44 697
105 22
156 607
465 241
249 352
169 457
38 176
388 355
482 76
14 5
80 158
224 568
86 355
178 52
91 462
596 40
447 345
345 113
280 316
18 230
38 309
197 270
68 419
134 269
16 69
342 38
70 675
392 603
165 483
289 408
467 487
106 31
287 115
90 659
643 263
129 37
146 334
493 204
72 102
150 157
199 243
452 243
6 9
16 77
51 344
262 494
281 199
743 712
720 715
21 50
98 233
197 246
730 418
181 187
87 539
426 429
31 121
284 640
127 154
112 76
536 752
42 117
151 794
203 285
182 80
773 61
361 791
351 148
274 601
110 75
128 415
399 453
2 12
66 94
217 52
3 97
516 311
208 371
56 78
272 212
108 369
143 232
460 776
375 693
420 241
313 124
109 728
25 101
466 24
223 587
358 85
249 473
605 680
5 8
801 332
86 107
492 2
413 11
71 633
481 301
264 305
646 107
108 153
780 541
373 536
36 558
333 381
59 268
734 756
334 407
330 154
538 85
67 170
31 11
474 467
2 10
695 292
620 563
97 349
690 12
2 1
30 74
240 531
740 211
165 714
311 210
548 778
392 372
5 6
220 183
377 205
510 544
610 774
200 223
239 657
449 588
739 403
496 511
288 128
283 53
217 332
679 188
236 279
35 32
242 37
120 297
165 26
389 742
254 543
583 685
402 98
91 90
79 557
199 29
553 97
424 425
194 696
88 346
256 209
141 14
321 99
36 19
641 252
125 14
586 692
186 178
599 387
13 70
609 737
524 137
664 564
258 336
619 503
390 215
209 41
668 475
9 488
237 2
410 241
226 503
120 77
616 468
734 400
144 73
86 2
32 167
126 7
355 448
43 670
26 143
28 179
33 175
171 120
400 110
689 287
699 634
604 683
19 29
38 16
676 380
244 499
627 78
426 554
190 414
427 405
764 270
201 13
108 677
93 254
360 632
660 144
301 66
13 15
608 352
370 656
401 715
14 412
277 61
255 16
583 783
236 38
748 440
608 621
229 785
119 298
398 184
248 770
267 235
47 766
411 101
514 482
51 781
36 44
131 25
25 593
445 519
701 535
196 278
777 221
149 143
721 548
738 686
227 623
263 691
590 760
363 289
